186.00
212.00
235.0
520.00
515.00
511.00
503.00
495.00
485.00
472.00
455.00
435.00
422.00
400.00
381.00
362.00
333.00
313.00
291.00
268.00
240.00
217.00
196.00
175.00
154.00
136.00
117.00
101.00
82.00
61.00
50.00
41.00
31.00
21.00
15.00
8.00
6.00
5.00
6.00
9.00
336.00
364.00
383.00
402.00
421.00
439.00
45200
387.00
370.00
347.00
320.00
296.00
270.00
248.00
227.00
205.00
178.00
157.00
138.00
117.00
94.00
75.00
65.00
53.00
39.00
31.00
22.00
14.00
10.00
5.00
7.00
6.00
0.00
17.00
26.00
37.00
48.00
60.00
74.00
90.0
208.00
178.00
157.00
137.00
111.00
98.00
79.00
63.00
53.00
39.00
29.00
20.00
14.00
10.00
6.00
6.00
8.00
10.00
15.00
22.00
30.00
40.00
55.00
70.00
86.00
103.00
115.00
137.00
158.00
181.00
204.00
227.00
247.00
269.00
293.00
313.0
497.00
486.00
477.00
453.00
438.00
420.00
402.00
375.00
360.00
338.00
312.00
294.00
262.00
236.00
212.00
189.00
170.00
148.00
129.00
108.00
90.00
73.00
60.00
48.00
38.00
26.00
20.00
11.00
11.00
7.00
7.00
6.00
12.00
17.00
27.00
37.00
48.00
61.00
75.00
90.0
476.00
486.00
49800
316.00
293.00
7.00
7.00
10.00
15.00
24.00
33.00
43.00
58.00
70.00
81.00
104.00
122.00
139.00
160.00
180.00
203.00
221.00
245.00
275.00
293.00
318.00
340.00
369.00
388.00
404.00
426.00
440.00
463.00
474.00
487.00
496.00
513.00
513.00
517.00
521.00
519.00
517.00
511.00
501.00
493.00
48600
98.00
81.00
67.00
55.00
41.00
31.00
16.00
13.00
9.00
30.00
5.00
6.00
12.00
20.00
26.00
34.00
47.00
60.00
70.00
86.00
103.00
121.00
142.00
167.00
190.00
210.00
232.00
253.00
274.00
298.00
321.00
346.00
370.00
389.00
408.00
430.00
449.00
460.00
475.00
485.00
49700
315.00
293.00
272.00
250.00
222.00
20100
21.00
34.00
44.00
58.00
70.00
86.00
110.00
127.00
148.00
166.00
187.00
216.00
238.00
260.00
284.00
302.00
333.00
354.00
384.00
406.00
419.00
434.00
458.00
471.00
487.00
496.00
502.00
513.00
513.00
518.00
520.00
515.00
51100
158.00
141.00
120.00
103.00
88.00
72.0
115.00
132.00
152.00
181.00
203.00
221.00
246.00
264.00
287.00
310.00
339.00
360.00
378.00
399.00
416.00
438.00
452.00
469.00
482.00
490.00
506.00
510.00
514.00
518.00
520.00
516.00
515.00
510.00
500.00
490.00
475.00
453.00
438.00
50.00
43.00
33.00
184.00
206.00
228.00
251.00
270.00
293.00
316.0
499.00
490.00
476.00
461.00
449.00
431.00
409.00
389.00
369.00
342.00
323.00
298.00
266.00
247.00
224.00
202.00
182.00
156.00
136.00
120.00
104.00
89.00
67.00
55.00
44.00
30.00
22.00
16.00
11.00
8.00
8.00
8.00
10.00
408.00
390.00
370.00
341.00
322.00
301.00
278.00
248.00
222.00
207.00
181.00
161.00
141.00
125.00
107.00
89.00
70.00
55.00
44.00
32.00
25.00
18.00
11.00
7.00
8.00
7.00
8.00
14.00
20.00
27.00
38.00
46.00
60.00
75.00
89.0
475.00
488.00
495.0
317.00
294.00
271.00
249.00
226.00
212.0
19.00
31.00
41.00
56.00
68.00
79.00
96.00
116.00
136.00
156.00
182.00
202.00
224.00
247.00
268.00
284.00
311.00
334.00
367.00
381.00
402.00
425.00
440.00
457.00
469.00
485.00
488.00
504.00
514.00
517.00
519.00
519.00
516.00
515.0
163.00
149.00
128.00
102.00
89.00
70.0
116.00
132.00
152.00
171.00
190.00
217.00
232.00
266.00
279.00
301.00
324.00
345.00
364.00
385.00
411.00
426.00
448.00
461.00
476.00
488.00
500.00
505.00
520.00
518.00
518.00
516.00
516.00
508.00
506.00
492.00
486.00
469.00
455.00
437.0
50.00
37.00
31.0
184.00
207.00
228.00
521.00
516.00
51200
157.00
138.00
118.00
103.00
84.00
69.00
49.00
40.00
29.00
22.00
15.00
11.00
6.00
8.00
7.00
12.00
15.00
22.00
29.00
40.00
53.00
64.00
79.00
95.00
112.00
130.00
149.00
170.00
198.00
221.00
241.00
260.00
294.00
312.0
500.00
486.00
476.00
464.00
445.00
42500
44.00
35.00
25.00
14.00
9.00
7.00
7.00
6.00
12.00
17.00
25.00
32.00
43.00
54.00
67.00
82.00
100.00
117.00
134.00
154.00
175.00
198.00
215.00
245.00
267.00
290.00
313.00
334.00
362.00
383.00
402.00
420.00
445.00
45900
394.00
365.0
16.00
13.00
700
429.00
407.00
390.00
369.00
341.00
322.00
298.00
266.00
247.00
226.00
202.00
174.00
155.00
134.00
121.00
99.00
82.00
67.00
54.00
42.00
32.00
21.00
16.00
11.00
7.0
262.00
285.00
307.00
330.00
349.00
377.00
39800
452.00
438.00
421.00
403.00
384.00
364.00
340.00
305.00
285.00
263.00
241.00
218.00
189.00
170.00
150.00
130.00
106.00
93.00
74.00
56.00
35.00
35.00
25.00
17.00
13.00
7.00
4.00
8.00
15.00
14.00
22.00
30.00
37.00
51.00
64.00
77.00
9700
478.00
490.00
50000
315.00
293.007.00
8.00
12.00
10.00
22.00
33.00
42.00
63.00
67.00
83.00
100.00
117.00
134.00
145.00
167.00
196.00
217.00
237.00
260.00
289.00
310.00
336.00
355.00
381.00
398.00
418.00
435.00
450.00
466.00
481.00
495.00
504.00
508.00
514.00
515.00
519.00
517.00
515.0
164.00
144.00
12700
62.00
78.00
97.0
476.00
488.00
499.00
506.00
515.00
517.00
519.00
516.00
515.00
508.00
500.00
490.00
476.00
467.00
450.00
435.00
416.00
392.00
375.00
354.00
326.00
304.00
279.00
261.00
235.00
213.00
187.00
168.00
139.00
122.00
104.00
87.00
72.0
114.00
133.00
152.00
173.00
193.00
216.00
234.0
522.00
515.00
513.00
502.00
494.00
484.00
469.00
452.00
431.00
412.00
396.00
375.00
355.00
335.00
306.00
282.00
252.00
233.00
208.00
190.00
164.00
142.00
122.00
104.00
87.00
71.00
60.00
49.00
34.00
27.00
21.00
13.00
9.00
261.00
284.00
308.00
331.00
350.00
373.00
392.0
459.00
438.00
49.00
39.00
26.00
16.00
14.00
10.00
8.00
8.00
7.00
11.00
17.00
25.00
32.00
42.00
54.00
69.00
88.00
104.00
125.00
142.00
162.00
183.00
206.00
223.00
248.00
270.00
290.00
313.00
334.00
362.00
383.00
404.00
421.00
435.00
451.0
439.00
418.00
401.00
378.00
359.00
331.00
311.00
288.00
266.00
237.00
239.00
194.00
172.00
157.00
136.0
62.00
69.00
85.00
471.00
485.00
494.0
322.00
299.00
276.00
246.00
227.00
205.00
178.00
157.00
137.00
120.00
103.00
85.00
69.00
54.00
44.00
32.00
22.00
15.00
9.00
10.00
7.00
7.00
8.00
14.00
26.00
33.00
45.00
58.00
70.00
85.00
101.00
123.00
138.00
158.00
177.00
198.00
221.00
243.00
261.00
290.00
315.0
499.00
492.00
477.00
465.00
449.00
430.0
44.00
34.00
26.00
16.00
13.00
11.00
6.00
9.00
10.00
12.00
22.00
28.00
34.00
47.00
60.00
79.00
96.00
112.00
129.00
149.00
169.00
189.00
218.00
234.00
262.00
284.00
304.00
325.00
349.00
366.00
39300
454.00
433.0
51.00
36.00
27.0
187.00
207.00
230.00
250.00
273.00
297.00
315.00
346.00
365.00
392.00
409.00
432.00
450.00
469.00
481.00
492.00
505.00
512.00
510.00
517.00
519.00
513.00
518.00
510.00
499.00
489.00
476.00
464.00
450.00
434.00
415.00
393.00
373.00
352.00
331.00
308.00
28700
7.00
10.00
1500
352.00
379.00
39900
448.00
430.00
406.00
390.00
369.00
348.00
328.00
307.00
274.00
253.00
232.00
210.00
182.00
162.00
141.00
121.00
104.00
91.00
72.00
60.00
47.00
35.00
27.00
16.00
12.00
7.00
7.00
7.00
9.00
14.00
19.00
26.00
38.00
53.00
64.00
78.00
9700
482.00
490.00
504.00
508.00
516.00
513.0
235.00
214.00
183.00
165.00
141.00
124.00
109.00
90.00
72.00
55.00
44.00
34.00
28.00
16.00
11.00
9.00
8.00
5.00
12.00
14.00
18.00
29.00
37.00
51.00
66.00
78.00
92.00
114.00
138.00
149.00
175.00
200.00
221.00
248.00
272.00
295.00
313.0
496.00
507.00
515.00
520.00
520.00
518.00
524.00
515.00
507.00
500.00
491.00
473.00
457.00
444.00
422.00
404.00
385.00
364.00
343.00
317.00
301.00
275.00
249.00
230.00
204.0
22.00
26.00
43.0
423.00
436.00
453.00
474.00
485.00
486.00
506.00
510.00
516.00
520.00
518.00
517.00
515.00
507.00
499.00
488.00
479.00
464.00
447.00
425.00
412.00
393.00
374.00
354.00
331.00
313.00
289.00
265.00
237.00
216.00
189.00
172.00
150.00
133.0
57.00
78.00
92.0
478.00
491.00
50000
313.00
284.0
7.00
10.00
7.00
20.00
34.00
40.00
50.00
64.00
77.00
95.00
109.00
130.00
146.00
167.00
191.00
210.00
233.00
254.00
281.00
305.00
326.00
349.00
369.00
398.00
412.00
428.00
448.00
467.00
481.00
491.00
499.00
510.00
513.00
518.0
235.00
212.00
193.00
172.00
149.00
133.0
57.00
86.00
93.00
107.00
124.00
145.00
166.00
188.00
209.00
231.00
260.00
283.00
307.00
323.00
346.00
367.00
387.00
411.00
430.00
445.00
462.00
480.00
489.00
501.00
506.00
514.00
515.00
519.00
519.00
517.00
512.00
503.00
493.00
48400
92.00
76.00
62.00
50.00
37.00
28.0
187.00
207.00
229.00
254.00
273.00
297.00
316.00
329.00
359.00
387.00
405.00
422.00
445.00
461.00
479.00
490.00
499.00
510.00
513.00
516.00
520.00
519.00
514.00
508.00
505.00
493.00
481.00
463.00
448.00
432.00
410.00
392.00
372.00
17.00
12.00
9.00
7.00
7.00
8.00
11.0
352.00
372.00
392.0
453.00
438.00
421.00
403.00
378.00
353.00
333.00
311.00
290.00
263.00
240.00
216.00
195.00
175.00
154.00
136.00
109.00
92.00
77.00
61.00
49.00
40.00
29.00
23.00
14.00
10.00
7.00
7.00
9.00
11.00
16.00
24.00
33.00
45.00
57.00
77.00
87.0
312.00
334.00
362.00
381.00
403.00
417.00
438.00
456.00
471.00
480.00
493.00
505.00
512.00
510.00
520.00
520.00
517.00
515.0
164.00
144.00
128.00
101.00
87.00
72.0
115.00
140.00
159.0
510.00
516.00
518.00
520.00
518.00
513.00
506.00
497.00
488.00
468.00
456.00
441.00
423.00
406.00
382.00
365.00
339.00
318.00
288.00
268.00
237.00
216.00
195.00
172.00
156.00
135.00
116.00
97.00
82.00
66.00
55.00
43.00
34.00
186.00
208.00
227.00
251.00
271.00
293.00
315.0
499.00
489.00
472.00
460.00
441.00
426.00
409.00
390.00
361.00
342.00
323.00
298.00
276.00
253.00
226.00
202.00
182.00
154.00
135.00
118.00
101.00
82.00
67.00
49.00
42.00
33.00
19.00
15.00
11.00
7.00
8.00
9.00
10.00
15.00
22.00
32.00
41.0
421.00
437.00
454.0
394.00
377.00
359.00
329.00
304.00
295.00
258.00
233.00
211.00
184.00
162.00
141.00
107.00
107.00
90.00
74.00
55.00
46.00
37.00
24.00
17.00
12.00
6.00
7.00
8.00
11.00
13.00
19.00
29.00
39.00
52.00
63.00
79.00
99.00
113.00
132.00
149.0
509.00
514.00
52100
227.00
20700
21.00
33.00
43.0
422.00
437.00
453.00
475.00
483.00
494.00
507.00
513.00
515.00
521.00
518.00
519.00
511.00
505.00
494.00
485.00
467.00
456.00
443.00
423.00
405.00
377.00
359.00
340.00
308.00
289.00
265.00
243.00
215.00
192.00
173.00
152.00
133.0
58.00
73.00
86.00
102.00
126.00
140.00
169.0
511.00
517.00
519.00
521.00
517.00
512.00
507.00
497.00
489.00
479.00
462.00
446.00
432.00
412.00
386.00
368.00
346.00
317.00
295.00
272.00
254.00
230.00
210.00
186.00
167.00
146.00
128.00
109.00
86.00
70.00
58.00
45.00
33.00
25.00
17.00
12.00
7.0
92.00
100.00
117.00
137.00
162.00
183.00
205.00
227.00
248.00
270.00
288.00
312.00
336.00
357.00
384.00
403.00
420.00
438.00
453.0
398.00
372.00
357.00
327.00
307.00
286.0
6.00
9.00
12.0
346.00
367.00
386.00
419.00
427.00
447.00
459.00
477.00
489.00
500.00
507.00
513.00
515.00
520.00
520.00
519.00
513.00
507.00
500.00
484.00
474.00
459.00
440.00
423.00
406.00
385.00
361.00
339.00
315.00
293.00
7.00
6.00
13.00
15.00
23.00
33.00
42.0
418.00
438.00
454.0
398.00
377.00
348.00
329.00
305.00
278.00
256.00
207.00
206.00
181.00
153.00
142.00
116.00
101.00
91.00
69.00
54.00
42.00
32.00
25.00
15.00
11.00
5.00
8.00
7.00
10.00
16.00
23.00
26.00
38.00
53.00
64.00
80.00
99.00
114.00
139.00
156.0
508.00
514.00
51900
233.00
211.00
190.00
171.00
149.00
125.00
105.00
89.00
74.00
59.00
47.00
38.00
26.00
19.00
13.00
12.00
17.00
10.00
3.00
11.00
14.00
13.00
29.00
43.00
57.00
68.00
83.00
96.00
119.00
146.00
159.00
179.00
198.00
222.00
241.00
262.00
293.00
315.0
496.00
487.00
477.00
466.00
451.00
42300
46.00
33.00
27.00
13.00
11.00
8.00
11.00
9.00
15.00
17.00
26.00
34.00
42.00
57.00
68.00
83.00
101.00
126.00
140.00
161.00
181.00
207.00
222.00
245.00
277.00
300.00
321.00
345.00
369.00
392.00
415.00
431.00
451.00
465.00
477.00
487.00
49900
309.00
283.0
7.00
4.00
13.0
346.00
367.00
388.00
407.00
426.00
450.00
465.00
475.00
488.00
502.00
509.00
515.00
519.00
519.00
516.00
513.00
510.00
505.00
494.00
483.00
469.00
456.00
437.00
415.00
398.00
372.00
351.00
328.00
307.00
285.00
258.00
234.00
207.0
32.00
21.00
15.00
11.00
7.00
7.00
7.00
12.00
16.00
24.00
29.00
45.00
60.00
75.00
85.00
101.00
125.00
145.00
165.00
183.00
204.00
225.00
251.00
270.00
293.00
319.0
499.00
491.00
479.00
461.00
449.00
431.0
47.00
37.00
26.00
17.00
12.00
11.00
9.00
10.00
9.00
12.00
20.00
27.00
35.00
47.00
60.00
76.00
89.00
108.00
124.00
142.00
162.00
182.00
215.00
233.00
263.00
285.00
304.00
329.00
349.00
370.00
391.00
414.00
432.00
449.00
398.00
377.00
35700
15.00
9.00
600
272.00
294.00
315.0
501.00
489.00
479.00
460.00
445.00
429.00
410.00
386.00
370.00
346.00
326.00
296.00
275.00
254.00
231.00
210.00
180.00
161.00
143.00
121.00
104.00
87.00
74.00
57.00
44.00
34.00
21.00
16.00
12.00
11.00
258.00
287.00
308.00
330.00
352.00
373.00
392.0
459.00
441.00
422.00
403.00
385.00
361.00
333.00
306.00
283.00
255.00
222.00
202.00
175.00
154.00
134.00
112.00
95.00
77.00
65.00
48.00
40.00
31.00
21.00
15.00
10.00
7.00
6.00
5.00
9.00
17.00
26.00
38.00
44.00
57.00
69.00
87.00
102.00
119.00
140.00
160.0
511.00
518.00
52400
234.00
213.00
189.00
169.00
149.00
129.00
106.00
90.00
73.00
60.00
45.00
39.00
26.00
18.00
12.00
10.00
8.00
7.00
12.00
15.00
20.00
27.00
37.00
49.00
65.00
75.00
90.00
119.00
133.00
149.00
173.00
193.00
220.00
235.0
520.00
518.00
51100
158.00
138.00
120.00
102.00
83.00
113.00
135.00
156.00
189.00
204.00
226.00
245.00
276.00
296.00
309.00
341.00
361.00
383.00
401.00
426.00
442.00
453.00
472.00
487.00
480.00
505.00
513.00
518.00
520.00
520.00
517.00
513.00
505.00
494.00
487.0
290.00
253.00
232.00
210.00
181.00
163.00
142.00
122.00
104.00
86.00
71.00
60.00
41.00
33.00
22.00
18.00
12.00
7.00
6.00
7.00
10.00
14.00
20.00
29.00
42.0
414.00
438.00
453.0
395.00
376.00
350.00
328.00
307.00
28600
9.00
10.00
15.00
13.00
27.00
34.00
46.00
60.00
71.00
90.00
111.00
130.00
149.00
169.00
189.00
210.00
233.00
261.00
282.00
303.00
327.00
357.00
378.00
388.00
412.00
437.00
453.00
472.00
483.00
493.00
504.00
510.00
514.00
519.0
242.00
220.00
193.00
171.00
150.00
131.0
58.00
72.00
86.00
104.00
123.00
140.00
159.00
189.00
212.00
234.00
259.00
283.00
303.00
329.00
346.00
370.00
387.00
409.00
431.00
447.00
462.00
474.00
490.00
500.00
510.00
515.00
518.00
521.00
517.00
515.00
511.00
500.00
491.00
479.00
472.00
449.00
434.0
49.00
34.00
2400
195.00
219.00
237.0
517.00
514.00
511.00
503.00
491.00
482.00
466.00
452.00
429.00
413.00
392.00
376.00
353.00
335.00
312.00
282.00
261.00
238.00
215.00
198.00
173.00
152.00
135.00
109.00
94.00
78.00
61.00
43.00
38.00
27.00
20.00
18.00
10.00
7.00
7.00
7.00
13.00
17.00
22.00
33.00
42.0
434.00
440.00
453.0
396.00
366.00
336.00
314.00
291.00
260.00
241.00
218.00
196.00
167.00
148.00
131.00
110.00
96.00
75.00
60.00
53.00
41.00
28.00
19.00
14.00
10.00
6.00
8.00
9.00
13.00
18.00
25.00
35.00
44.00
58.00
74.00
88.00
473.00
483.00
496.0
321.00
298.00
276.00
249.00
224.00
204.00
177.00
155.00
138.00
119.00
101.00
85.00
70.00
49.00
41.00
33.00
21.00
17.00
13.00
7.00
6.00
6.00
10.00
15.00
22.00
29.00
39.00
53.00
69.00
85.00
102.00
119.00
132.00
149.00
177.00
198.00
221.00
24200
518.00
515.00
377.00
339.00
311.00
286.00
264.00
236.00
215.00
196.00
173.00
159.00
135.00
114.00
92.00
77.00
61.00
50.00
37.00
15.0
184.00
209.00
230.00
249.00
272.00
295.00
31600
499.00
484.00
477.00
459.00
448.00
431.00
406.00
388.00
371.00
341.00
318.00
290.00
267.00
246.00
223.00
203.00
176.00
154.00
136.00
117.00
100.00
83.00
67.00
50.00
42.00
32.00
21.00
17.00
13.00
8.00
7.00
7.00
9.00
15.00
13.00
26.00
38.00
53.00
67.00
83.00
9700
481.00
490.00
498.00
514.00
517.00
52000
239.00
201.00
206.00
165.00
147.00
119.00
125.00
90.00
66.00
56.00
41.00
31.00
24.00
18.00
12.00
10.00
8.00
6.00
10.00
15.00
17.00
24.00
38.00
50.00
64.00
81.00
99.00
115.00
132.00
151.00
173.00
193.00
217.00
518.00
518.00
509.00
500.00
497.00
96.00
77.00
64.00
51.00
39.00
27.00
15.00
12.00
10.00
5.00
8.00
5.00
12.00
22.00
28.00
37.00
48.00
62.00
76.00
90.00
106.00
118.00
136.00
159.00
183.00
207.00
230.00
248.00
268.00
296.00
314.00
345.00
362.00
392.0
458.00
442.00
422.00
400.00
383.00
35700
14.00
10.00
273.00
297.00
317.00
338.00
365.00
390.00
414.00
430.00
446.00
463.00
474.00
486.00
497.00
506.00
511.00
515.00
518.00
519.00
516.00
516.00
506.00
495.00
488.00
471.00
458.00
436.00
