50.140652
50.173744
50.144245
49.923397
50.127407
50.169708
50.136570
50.136803
50.165226
49.914700
50.145191
50.123177
50.176872
50.166222
50.135025
49.930237
50.153610
50.145664
50.144596
50.144146
49.924488
50.143715
50.153000
50.170029
50.119831
49.934757
50.136879
49.414948
50.151623
49.935051
49.423027
50.162617
49.920143
50.143299
49.450993
49.935284
50.127228
50.142372
50.163334
50.148640
50.140606
49.929886
50.136208
50.148087
49.228172
50.148399
50.145626
50.156284
50.150906
49.239204
50.126137
50.156841
50.156639
49.15913
49.438984
50.146217
50.170631
50.129192
49.456009
50.155651
50.141422
49.917217
49.431999
50.149345
50.145496
49.931252
50.48773
49.438046
50.154888
49.917194
50.164993
50.40339
49.441578
49.920380
50.160057
50.146183
49.449707
49.924763
50.145805
50.150864
49.211338
50.156326
50.154369
50.155529
50.12710
49.227070
50.156712
50.147739
50.137478
49.94499
49.430576
