50.008934
50.004284
50.013584
50.013584
50.008934
50.004284
50.004284
50.008934
50.008934
50.008934
50.008934
50.008934
50.008934
50.008934
50.013584
50.008934
50.008934
50.008934
50.008934
50.008934
50.008934
50.008934
50.008934
50.013584
50.008934
50.008934
50.013584
50.008934
50.013584
50.013584
50.008934
50.008934
50.008934
50.008934
50.008934
50.008934
50.008934
50.18238
50.008934
50.008934
50.008934
50.013584
50.08934
50.008934
50.013584
50.013584
50.008934
50.008934
50.08934
50.008934
50.004284
50.008934
50.008934
50.08934
50.004284
50.008934
50.008934
50.008934
50.08934
50.008934
50.013584
50.004284
50.00834
50.004284
50.013584
50.008934
50.004284
50.00834
50.008934
50.008934
50.008934
50.008934
50.00834
50.004284
50.008934
50.008934
50.01358
50.008934
50.008934
50.013584
50.008934
50.008934
50.00893
50.013584
50.008934
50.004284
50.00893
50.008934
50.008934
50.008934
50.008934
