0.64
0.26
0.05
0.10
0.38
0.84
1.27
1.54
1.59
1.40
1.03
0.56
0.23
0.06
0.10
0.36
0.78
1.21
1.52
1.61
1.45
1.10
0.66
0.28
0.07
0.08
0.33
0.73
1.16
1.47
1.61
1.47
1.13
0.69
0.31
0.07
0.07
0.32
0.72
1.12
1.46
1.61
1.49
1.18
0.75
0.35
0.10
0.09
0.32
0.73
1.16
1.49
1.61
1.47
1.10
0.64
0.27
0.08
0.05
0.25
0.59
1.06
1.43
1.60
1.52
1.22
0.77
0.35
0.09
0.06
0.29
0.68
1.10
1.45
1.61
1.52
1.20
0.78
0.34
0.09
0.06
0.27
0.65
1.05
1.37
1.58
1.56
1.30
0.88
0.45
0.14
0.05
0.17
0.48
0.91
1.32
1.57
1.59
1.36
0.96
0.55
0.17
0.05
0.16
0.47
0.89
1.32
1.56
1.57
1.34
0.98
0.55
0.18
0.04
0.15
0.46
0.89
1.30
1.56
1.58
1.34
0.96
0.52
0.19
0.05
0.15
0.52
0.94
1.33
1.57
1.57
1.33
0.93
0.51
0.17
0.04
0.13
0.42
0.84
1.26
1.56
1.60
1.39
1.11
0.58
0.22
0.05
0.11
0.39
0.83
1.25
1.54
1.59
1.44
1.04
0.60
0.22
0.05
0.11
0.37
0.80
1.19
1.50
1.61
1.45
1.09
0.64
0.26
0.06
0.08
0.33
0.79
1.20
1.51
1.60
1.44
1.05
0.60
0.25
0.06
0.09
0.38
0.79
1.23
1.52
1.60
1.44
1.16
0.74
0.34
0.08
0.07
0.27
0.65
1.10
1.43
1.61
1.54
1.25
0.80
0.39
0.10
0.05
0.24
0.62
1.06
1.44
1.60
1.53
1.22
0.79
0.38
0.10
0.05
0.21
0.60
1.04
1.41
1.60
1.55
1.25
0.81
0.38
0.10
0.05
0.24
0.60
1.05
1.43
1.60
1.54
1.23
0.81
0.38
0.10
0.05
0.22
0.60
1.05
1.35
1.55
1.61
1.52
1.30
0.98
0.64
0.34
0.09
0.05
0.24
0.62
1.08
1.44
1.60
1.52
1.23
0.80
0.37
0.12
0.05
0.22
0.58
1.05
1.42
1.60
1.55
1.26
0.87
0.48
0.18
0.05
0.13
0.41
0.84
1.26
1.54
1.61
1.54
1.34
1.05
0.72
0.41
0.18
0.05
0.08
0.22
0.49
0.82
1.19
1.47
1.60
1.57
1.30
0.94
0.59
0.23
0.06
0.12
0.40
0.81
1.24
1.53
1.61
1.46
1.20
0.76
0.36
0.10
0.06
0.25
0.61
1.04
1.43
1.61
1.55
1.27
0.84
0.42
0.13
0.05
0.22
0.59
1.03
1.39
1.60
1.56
1.29
0.87
0.44
0.14
0.05
0.20
0.46
0.86
1.29
1.56
1.59
1.34
0.94
0.51
0.20
0.04
0.09
0.28
0.61
0.95
1.28
1.53
1.60
1.47
1.17
0.78
0.40
0.13
0.05
0.16
0.45
0.84
1.23
1.51
1.61
1.51
1.21
0.80
0.38
0.10
0.05
0.23
0.60
1.01
1.39
1.60
1.56
1.27
0.84
0.40
0.12
0.06
0.22
0.60
1.04
1.43
1.61
1.54
1.25
0.80
0.40
0.15
0.05
0.20
0.56
1.00
1.38
1.58
1.55
1.27
0.84
