253.52
260.32
267.08
273.78
280.41
286.88
293.18
299.37
305.37
311.15
316.68
321.86
326.75
331.23
335.39
339.18
342.55
345.56
348.08
350.18
351.93
353.14
353.94
354.23
354.13
353.66
352.66
351.22
349.28
347.07
344.30
341.19
337.72
333.87
329.57
324.91
319.97
314.74
309.33
303.67
297.79
291.70
285.39
278.95
272.41
265.97
259.38
252.83
246.24
239.61
233.19
226.79
220.50
214.40
208.46
202.83
197.30
192.07
187.18
182.67
178.43
174.59
171.11
168.00
165.29
163.02
161.15
159.58
158.53
157.87
157.60
157.75
158.42
159.61
161.19
163.11
165.54
168.46
171.72
175.36
179.57
184.11
188.88
194.00
199.42
205.03
210.98
217.21
223.55
230.08
236.75
243.55
250.35
257.14
263.92
270.66
277.32
283.88
290.34
296.62
302.72
308.60
314.23
319.56
324.60
329.34
333.66
337.66
341.33
344.57
347.37
347.95
349.99
351.42
352.44
352.99
353.07
352.76
351.90
350.56
348.76
346.47
343.83
340.68
337.22
333.44
329.32
324.73
319.79
314.57
309.08
303.37
297.50
290.52
284.28
277.87
271.30
264.73
258.06
251.38
244.69
238.04
231.53
225.12
218.82
212.76
206.93
201.29
195.94
190.97
186.25
181.93
177.91
174.28
170.89
168.10
165.44
163.47
162.04
161.08
161.31
161.13
161.46
162.26
163.37
164.98
166.91
169.26
171.99
175.26
178.83
182.83
187.03
191.61
196.51
201.78
208.58
214.26
220.29
226.49
232.71
239.14
245.65
252.20
258.79
265.45
272.11
278.68
285.20
291.57
297.81
303.85
309.67
315.27
320.54
325.53
330.24
334.56
338.52
342.11
345.35
348.16
350.53
352.47
353.83
354.70
355.07
355.12
354.76
353.90
352.59
350.81
348.61
345.80
342.64
339.05
335.16
331.02
326.41
321.56
316.41
311.00
305.41
299.53
293.53
287.34
280.99
274.48
267.84
261.19
254.48
247.87
241.25
234.71
228.31
221.99
215.79
209.78
204.06
198.50
193.26
188.27
183.57
179.20
175.17
171.50
168.24
165.36
162.92
160.88
159.29
158.19
157.52
157.22
157.38
157.96
159.05
160.50
162.42
164.67
167.39
170.51
174.04
177.93
182.15
186.76
191.71
196.94
202.48
208.17
214.11
221.57
227.85
234.22
240.76
247.41
254.14
260.90
267.55
274.13
280.72
287.13
293.50
299.63
305.57
311.28
316.84
322.04
326.93
331.40
335.58
339.53
342.96
345.92
349.92
352.05
353.81
355.04
355.77
356.08
356.02
355.21
354.00
352.41
350.30
347.81
344.88
341.56
337.85
333.72
329.20
324.22
319.07
313.67
307.95
302.09
295.88
289.65
283.21
276.63
269.96
263.26
256.54
249.79
243.12
236.60
230.13
223.81
217.67
211.67
205.92
200.39
195.04
190.06
185.34
181.03
177.03
173.42
170.17
167.40
165.01
163.03
161.38
160.22
159.54
159.17
159.33
159.96
161.11
162.64
164.64
166.97
169.76
172.96
176.59
180.57
185.03
189.89
194.95
200.32
206.01
211.96
218.11
224.34
230.84
237.50
244.22
251.00
257.80
264.54
271.26
277.87
284.39
290.86
297.10
303.19
309.08
314.64
319.93
324.96
329.63
334.06
338.05
341.77
344.82
347.70
350.06
352.04
353.66
354.82
355.72
356.03
355.86
355.11
353.91
352.21
350.08
347.45
344.50
341.19
337.52
333.51
329.14
324.47
319.51
314.21
308.75
302.92
296.94
290.77
284.40
277.91
271.31
264.63
257.90
251.22
244.59
237.98
231.47
225.03
218.80
212.77
206.90
201.26
195.94
190.97
186.30
181.94
177.86
174.23
170.95
168.16
165.81
163.80
162.16
161.01
160.22
158.71
158.77
159.28
160.28
161.67
163.55
165.86
168.51
171.74
175.30
179.09
182.69
187.34
192.31
197.52
203.04
208.91
214.95
221.21
227.35
233.88
240.54
247.34
254.10
260.88
267.68
274.31
282.32
288.85
295.17
301.32
307.18
312.82
318.27
323.41
328.20
332.67
336.79
340.57
343.88
346.73
349.11
351.07
352.66
353.78
354.49
354.73
354.54
353.77
352.57
350.94
348.95
346.44
343.55
340.24
336.62
332.78
328.42
323.77
318.78
313.47
307.95
302.06
296.05
289.73
283.34
276.68
269.98
263.27
256.53
249.81
243.13
236.59
230.09
223.72
217.55
211.52
205.75
200.25
194.91
189.94
185.27
180.93
176.91
173.22
169.97
167.18
164.83
162.90
161.51
160.66
160.16
160.16
160.46
161.29
162.56
164.28
166.34
168.74
171.57
174.82
178.37
182.30
186.77
191.52
196.54
201.92
207.57
213.45
219.56
225.83
231.42
237.92
244.49
251.21
257.97
266.02
272.70
279.22
285.73
292.22
298.44
304.52
310.38
315.93
321.27
326.32
331.14
335.58
339.68
343.46
346.74
349.66
352.15
354.25
355.89
357.06
357.73
358.41
358.26
357.69
356.61
355.06
353.02
350.61
347.83
344.56
340.94
336.92
332.65
327.99
323.01
317.79
312.34
306.69
300.83
294.69
288.32
281.89
275.35
268.69
262.05
255.36
248.65
242.01
235.47
229.08
222.76
216.65
210.65
204.96
199.54
194.35
189.48
184.97
180.78
176.98
173.60
170.54
167.92
165.66
163.91
162.63
161.83
161.38
161.29
161.70
162.49
163.82
165.50
167.64
170.28
173.37
176.77
180.77
184.92
189.45
194.30
199.43
204.92
210.71
218.04
224.22
230.53
236.88
243.45
250.12
256.85
263.51
270.17
276.76
283.28
289.67
295.97
302.06
307.96
313.61
319.10
324.26
329.12
333.64
337.87
341.70
345.01
347.92
350.41
352.49
354.21
355.46
356.20
356.56
356.46
355.69
354.56
354.23
352.10
349.61
346.66
343.32
339.62
335.61
331.17
326.53
321.57
316.24
310.67
304.81
298.75
292.50
286.34
279.93
273.28
266.56
259.81
253.11
246.40
239.77
233.21
226.77
220.52
214.44
208.50
202.81
197.45
192.41
187.62
183.16
179.07
175.10
171.78
168.79
166.28
164.09
162.33
161.06
160.28
159.94
159.99
160.44
161.35
162.74
164.56
166.75
169.42
172.56
176.12
179.67
183.93
188.54
193.47
198.74
204.23
209.89
215.82
221.11
227.39
233.78
240.41
247.19
253.98
260.68
267.40
274.01
280.61
287.13
293.53
299.72
305.71
311.50
317.02
322.24
327.13
331.71
336.02
339.88
343.40
346.55
349.30
351.67
353.66
354.98
356.13
356.74
356.94
356.61
355.75
354.50
352.78
350.67
348.16
345.25
341.89
338.20
334.12
329.75
325.09
320.12
314.94
309.49
303.67
297.72
291.58
285.22
278.90
272.36
265.65
258.98
252.30
245.69
239.11
232.68
226.31
220.13
214.06
208.16
202.48
197.05
191.54
186.69
182.26
178.06
174.20
170.78
167.60
164.88
162.64
160.78
159.45
158.54
157.99
157.97
158.33
159.21
160.55
162.24
164.36
166.92
169.83
172.37
176.03
180.02
184.35
189.01
194.04
199.27
204.85
210.64
216.66
222.84
229.13
235.56
242.17
248.90
255.63
